# unix_time, cycles_done, cur_path, paths_total, pending_total, pending_favs, map_size, unique_crashes, unique_hangs, max_depth, execs_per_sec
1595392861, 0, 0, 1, 1, 1, 0.02%, 0, 0, 1, 8000.00
1595392866, 151, 0, 1, 0, 0, 0.02%, 0, 0, 1, 7834.59
1595392872, 307, 0, 1, 0, 0, 0.02%, 0, 0, 1, 7774.03
1595392877, 463, 0, 1, 0, 0, 0.02%, 0, 0, 1, 7771.84
1595392882, 619, 0, 1, 0, 0, 0.02%, 0, 0, 1, 7761.94
1595392887, 633, 4, 9, 5, 3, 0.05%, 0, 0, 5, 7678.23
1595392892, 633, 6, 13, 7, 6, 0.07%, 5, 0, 5, 7511.43
1595392897, 633, 9, 19, 10, 10, 0.14%, 11, 0, 6, 7144.52
1595392902, 633, 11, 27, 16, 11, 0.15%, 13, 0, 6, 7034.39
1595392907, 633, 13, 27, 14, 12, 0.15%, 15, 0, 6, 6784.72
1595392913, 633, 14, 29, 15, 11, 0.16%, 16, 0, 6, 6502.58
1595392918, 633, 16, 30, 14, 11, 0.16%, 17, 0, 6, 6499.77
1595392923, 633, 21, 33, 15, 12, 0.17%, 18, 0, 7, 6619.67
1595392928, 633, 21, 34, 16, 12, 0.17%, 18, 0, 7, 6692.70
1595392933, 633, 22, 40, 21, 11, 0.18%, 18, 0, 7, 6697.31
1595392938, 633, 25, 44, 23, 15, 0.20%, 18, 0, 7, 6466.62
1595392943, 633, 25, 46, 25, 15, 0.20%, 18, 0, 7, 6696.73
1595392948, 633, 27, 47, 24, 19, 0.20%, 19, 0, 7, 6451.63
1595392953, 633, 29, 50, 26, 19, 0.21%, 19, 0, 7, 6277.30
1595392958, 633, 29, 54, 30, 19, 0.22%, 20, 0, 7, 6390.19
1595392963, 633, 32, 54, 27, 22, 0.22%, 21, 0, 7, 6411.92
1595392969, 633, 33, 54, 26, 21, 0.22%, 21, 0, 7, 6497.05
1595392974, 633, 35, 55, 25, 19, 0.22%, 21, 0, 8, 6420.98
1595392979, 633, 37, 56, 24, 18, 0.22%, 21, 0, 8, 6405.20
1595392984, 633, 39, 56, 22, 17, 0.22%, 22, 0, 8, 6364.39
1595392989, 633, 40, 56, 21, 16, 0.22%, 22, 0, 8, 6277.44
1595392994, 633, 42, 56, 19, 14, 0.22%, 22, 0, 8, 6434.22
1595392999, 633, 44, 56, 17, 12, 0.22%, 22, 0, 8, 6294.18
1595393004, 633, 46, 56, 15, 10, 0.22%, 22, 0, 8, 6453.13
1595393009, 633, 47, 56, 14, 9, 0.22%, 23, 0, 8, 6172.91
1595393014, 633, 48, 56, 13, 8, 0.22%, 23, 0, 8, 6140.41
1595393019, 633, 49, 56, 12, 7, 0.22%, 23, 0, 8, 6196.82
1595393024, 633, 50, 56, 11, 6, 0.22%, 23, 0, 8, 6216.84
1595393029, 633, 51, 56, 10, 5, 0.22%, 23, 0, 8, 6264.50
1595393034, 633, 53, 56, 8, 3, 0.22%, 23, 0, 8, 6264.70
1595393039, 633, 54, 56, 7, 2, 0.22%, 23, 0, 8, 6515.46
1595393044, 634, 6, 56, 5, 0, 0.22%, 23, 0, 8, 6790.38
1595393049, 634, 13, 56, 5, 0, 0.22%, 23, 0, 8, 6802.38
1595393054, 634, 25, 56, 5, 0, 0.22%, 23, 0, 8, 6722.47
1595393059, 634, 33, 56, 5, 0, 0.22%, 23, 0, 8, 6707.97
1595393065, 634, 39, 56, 5, 0, 0.22%, 23, 0, 8, 6669.45
1595393070, 634, 45, 56, 5, 0, 0.22%, 23, 0, 8, 6678.62
1595393075, 634, 49, 56, 5, 0, 0.22%, 23, 0, 8, 6629.18
1595393080, 634, 54, 56, 5, 0, 0.22%, 23, 0, 8, 6663.46
1595393085, 635, 9, 56, 5, 0, 0.22%, 23, 0, 8, 6840.51
1595393090, 635, 16, 56, 5, 0, 0.22%, 23, 0, 8, 6746.69
1595393095, 635, 24, 56, 5, 0, 0.22%, 23, 0, 8, 6461.12
1595393100, 635, 27, 56, 4, 0, 0.22%, 23, 0, 8, 6595.92
1595393105, 635, 35, 56, 4, 0, 0.22%, 23, 0, 8, 6666.23
1595393110, 635, 42, 56, 4, 0, 0.22%, 23, 0, 8, 6680.74
1595393115, 635, 47, 56, 4, 0, 0.22%, 23, 0, 8, 6604.17
1595393120, 635, 51, 56, 4, 0, 0.22%, 23, 0, 8, 6637.34
1595393125, 636, 6, 56, 4, 0, 0.22%, 23, 0, 8, 6845.17
1595393130, 636, 13, 56, 4, 0, 0.22%, 23, 0, 8, 6806.96
1595393135, 636, 17, 56, 4, 0, 0.22%, 25, 0, 8, 6545.79
1595393140, 636, 22, 56, 2, 0, 0.22%, 25, 0, 8, 6567.00
1595393145, 636, 32, 56, 2, 0, 0.22%, 25, 0, 8, 6666.60
1595393150, 636, 38, 56, 2, 0, 0.22%, 25, 0, 8, 6712.60
1595393155, 636, 44, 56, 2, 0, 0.22%, 25, 0, 8, 6679.25
1595393160, 636, 49, 56, 2, 0, 0.22%, 25, 0, 8, 6634.77
1595393165, 636, 54, 56, 2, 0, 0.22%, 25, 0, 8, 6653.71
1595393170, 637, 9, 56, 2, 0, 0.22%, 25, 0, 8, 6908.00
1595393175, 637, 21, 56, 2, 0, 0.22%, 25, 0, 8, 6783.95
1595393180, 637, 29, 56, 2, 0, 0.22%, 25, 0, 8, 6683.99
1595393185, 637, 36, 56, 2, 0, 0.22%, 25, 0, 8, 6693.31
1595393191, 637, 42, 56, 2, 0, 0.22%, 25, 0, 8, 6664.54
1595393196, 637, 47, 56, 2, 0, 0.22%, 25, 0, 8, 6652.53
1595393201, 637, 51, 56, 2, 0, 0.22%, 25, 0, 8, 6610.35
1595393206, 638, 6, 56, 2, 0, 0.22%, 25, 0, 8, 6815.11
1595393211, 638, 13, 56, 2, 0, 0.22%, 25, 0, 8, 6781.91
1595393216, 638, 25, 56, 2, 0, 0.22%, 25, 0, 8, 6703.98
1595393221, 638, 34, 56, 2, 0, 0.22%, 25, 0, 8, 6694.21
1595393226, 638, 40, 56, 2, 0, 0.22%, 25, 0, 8, 6653.69
1595393231, 638, 46, 56, 2, 0, 0.22%, 25, 0, 8, 6662.67
1595393236, 638, 50, 56, 2, 0, 0.22%, 25, 0, 8, 6608.98
1595393241, 638, 55, 56, 2, 0, 0.22%, 25, 0, 8, 6683.69
1595393247, 639, 12, 56, 2, 0, 0.22%, 25, 0, 8, 6827.47
1595393252, 639, 23, 56, 2, 0, 0.22%, 25, 0, 8, 6723.49
1595393257, 639, 32, 56, 2, 0, 0.22%, 25, 0, 8, 6710.30
1595393262, 639, 37, 56, 2, 0, 0.22%, 25, 0, 8, 6677.36
1595393267, 639, 44, 56, 2, 0, 0.22%, 25, 0, 8, 6668.96
1595393272, 639, 49, 56, 2, 0, 0.22%, 25, 0, 8, 6624.30
1595393277, 639, 53, 56, 2, 0, 0.22%, 25, 0, 8, 6598.93
1595393282, 640, 8, 56, 2, 0, 0.22%, 25, 0, 8, 6816.69
1595393287, 640, 16, 56, 2, 0, 0.22%, 25, 0, 8, 6775.25
1595393292, 640, 28, 56, 2, 0, 0.22%, 25, 0, 8, 6637.55
1595393297, 640, 32, 56, 1, 0, 0.22%, 25, 0, 8, 6628.56
1595393302, 640, 37, 56, 1, 0, 0.22%, 25, 0, 8, 6677.15
1595393307, 640, 43, 56, 1, 0, 0.22%, 25, 0, 8, 6677.87
1595393312, 640, 48, 56, 1, 0, 0.22%, 25, 0, 8, 6624.77
1595393317, 640, 52, 56, 1, 0, 0.22%, 25, 0, 8, 6612.87
1595393322, 641, 7, 56, 1, 0, 0.22%, 25, 0, 8, 6832.43
1595393327, 641, 16, 56, 1, 0, 0.22%, 25, 0, 8, 6786.10
1595393332, 641, 26, 56, 1, 0, 0.22%, 25, 0, 8, 6745.98
1595393337, 641, 35, 56, 1, 0, 0.22%, 25, 0, 8, 6701.49
1595393342, 641, 42, 56, 1, 0, 0.22%, 25, 0, 8, 6683.53
1595393347, 641, 47, 56, 1, 0, 0.22%, 25, 0, 8, 6658.16
1595393353, 641, 51, 56, 1, 0, 0.22%, 25, 0, 8, 6613.64
1595393358, 642, 6, 56, 1, 0, 0.22%, 25, 0, 8, 6831.86
1595393363, 642, 13, 56, 1, 0, 0.22%, 25, 0, 8, 6819.20
1595393368, 642, 23, 56, 1, 0, 0.22%, 25, 0, 8, 6692.33
1595393373, 642, 32, 56, 1, 0, 0.22%, 25, 0, 8, 6676.82
1595393378, 642, 38, 56, 1, 0, 0.22%, 25, 0, 8, 6690.35
1595393383, 642, 44, 56, 1, 0, 0.22%, 25, 0, 8, 6702.07
1595393388, 642, 49, 56, 1, 0, 0.22%, 25, 0, 8, 6626.03
1595393393, 642, 54, 56, 1, 0, 0.22%, 25, 0, 8, 6609.87
1595393398, 643, 9, 56, 1, 0, 0.22%, 25, 0, 8, 6846.10
1595393403, 643, 16, 56, 1, 0, 0.22%, 25, 0, 8, 6733.52
1595393408, 643, 29, 56, 1, 0, 0.22%, 25, 0, 8, 6708.81
1595393413, 643, 35, 56, 1, 0, 0.22%, 25, 0, 8, 6719.80
1595393418, 643, 41, 56, 1, 0, 0.22%, 25, 0, 8, 6669.59
1595393423, 643, 47, 56, 1, 0, 0.22%, 25, 0, 8, 6611.55
1595393429, 643, 51, 56, 1, 0, 0.22%, 25, 0, 8, 6599.23
1595393434, 644, 6, 56, 1, 0, 0.22%, 25, 0, 8, 6858.98
1595393439, 644, 13, 56, 1, 0, 0.22%, 25, 0, 8, 6828.71
1595393444, 644, 25, 56, 1, 0, 0.22%, 25, 0, 8, 6712.03
1595393449, 644, 34, 56, 1, 0, 0.22%, 25, 0, 8, 6694.04
1595393454, 644, 41, 56, 1, 0, 0.22%, 25, 0, 8, 6710.56
1595393459, 644, 46, 56, 1, 0, 0.22%, 25, 0, 8, 6675.08
1595393464, 644, 51, 56, 1, 0, 0.22%, 25, 0, 8, 6671.25
1595393469, 644, 55, 56, 1, 0, 0.22%, 25, 0, 8, 6733.12
1595393474, 645, 12, 56, 1, 0, 0.22%, 25, 0, 8, 6876.73
1595393479, 645, 20, 56, 1, 0, 0.22%, 25, 0, 8, 6606.38
1595393484, 645, 26, 56, 0, 0, 0.22%, 25, 0, 8, 6733.87
1595393489, 645, 33, 56, 0, 0, 0.22%, 25, 0, 8, 6782.15
1595393494, 645, 39, 56, 0, 0, 0.22%, 26, 0, 8, 6766.77
1595393499, 645, 45, 56, 0, 0, 0.22%, 26, 0, 8, 6744.48
1595393505, 645, 50, 56, 0, 0, 0.22%, 26, 0, 8, 6688.30
1595393510, 645, 55, 56, 0, 0, 0.22%, 26, 0, 8, 6743.88
1595393515, 646, 12, 56, 0, 0, 0.22%, 26, 0, 8, 6899.69
1595393520, 646, 22, 56, 0, 0, 0.22%, 26, 0, 8, 6800.76
1595393525, 646, 32, 56, 0, 0, 0.22%, 26, 0, 8, 6780.87
1595393530, 646, 38, 56, 0, 0, 0.22%, 26, 0, 8, 6750.24
1595393535, 646, 44, 56, 0, 0, 0.22%, 26, 0, 8, 6747.53
1595393540, 646, 49, 56, 0, 0, 0.22%, 26, 0, 8, 6709.90
1595393545, 646, 53, 56, 0, 0, 0.22%, 26, 0, 8, 6705.32
1595393550, 647, 8, 56, 0, 0, 0.22%, 26, 0, 8, 6868.89
1595393555, 647, 20, 56, 0, 0, 0.22%, 26, 0, 8, 6827.23
1595393560, 647, 27, 56, 0, 0, 0.22%, 26, 0, 8, 6729.48
1595393565, 647, 35, 56, 0, 0, 0.22%, 26, 0, 8, 6728.70
1595393570, 647, 41, 56, 0, 0, 0.22%, 26, 0, 8, 6761.91
1595393575, 647, 47, 56, 0, 0, 0.22%, 27, 0, 8, 6741.41
1595393581, 647, 51, 56, 0, 0, 0.22%, 27, 0, 8, 6703.38
1595393586, 648, 4, 56, 0, 0, 0.22%, 27, 0, 8, 6808.84
1595393591, 648, 15, 56, 0, 0, 0.22%, 27, 0, 8, 6823.28
1595393596, 648, 23, 56, 0, 0, 0.22%, 27, 0, 8, 6774.26
1595393601, 648, 33, 56, 0, 0, 0.22%, 27, 0, 8, 6777.53
1595393606, 648, 39, 56, 0, 0, 0.22%, 27, 0, 8, 6750.35
1595393611, 648, 45, 56, 0, 0, 0.22%, 27, 0, 8, 6737.45
1595393616, 648, 50, 56, 0, 0, 0.22%, 27, 0, 8, 6695.16
1595393621, 648, 55, 56, 0, 0, 0.22%, 27, 0, 8, 6707.82
1595393626, 649, 11, 56, 0, 0, 0.22%, 27, 0, 8, 6906.03
1595393631, 649, 22, 56, 0, 0, 0.22%, 27, 0, 8, 6809.39
1595393636, 649, 32, 56, 0, 0, 0.22%, 27, 0, 8, 6767.89
