# unix_time, cycles_done, cur_path, paths_total, pending_total, pending_favs, map_size, unique_crashes, unique_hangs, max_depth, execs_per_sec
1595394612, 0, 0, 2, 2, 2, 3.31%, 0, 0, 1, 2285.71
1595394617, 0, 0, 316, 316, 2, 5.47%, 0, 0, 2, 2528.54
1595394622, 0, 0, 363, 363, 2, 5.61%, 0, 0, 2, 2610.19
1595394627, 0, 0, 416, 416, 2, 5.95%, 0, 0, 2, 2743.93
1595394632, 0, 0, 833, 833, 2, 6.28%, 0, 0, 2, 2599.36
1595394638, 0, 0, 1048, 1048, 2, 6.60%, 0, 0, 2, 2588.39
1595394643, 0, 0, 1121, 1121, 2, 6.72%, 0, 0, 2, 2610.25
1595394648, 0, 1, 1158, 1157, 168, 6.75%, 0, 0, 2, 2795.78
1595394653, 0, 1, 1207, 1206, 168, 6.95%, 0, 0, 2, 2890.24
1595394658, 0, 1, 1241, 1240, 168, 7.04%, 0, 0, 2, 2917.43
1595394663, 0, 27, 1255, 1253, 180, 7.07%, 0, 0, 2, 2715.57
1595394678, 0, 27, 1265, 1263, 180, 7.07%, 0, 0, 3, 2674.74
1595394683, 0, 27, 1301, 1299, 180, 7.09%, 0, 0, 3, 2642.29
1595394688, 0, 27, 1333, 1331, 180, 7.19%, 0, 0, 3, 2638.68
1595394693, 0, 60, 1339, 1335, 181, 7.19%, 0, 0, 3, 2883.63
1595394698, 0, 60, 1341, 1337, 181, 7.19%, 0, 0, 3, 2549.51
1595394714, 0, 60, 1376, 1372, 181, 7.20%, 0, 0, 3, 2580.63
1595394719, 0, 60, 1402, 1398, 181, 7.21%, 0, 0, 3, 2558.86
1595394724, 0, 123, 1418, 1413, 194, 7.24%, 0, 0, 3, 2573.11
1595394729, 0, 123, 1422, 1417, 194, 7.27%, 0, 0, 3, 2574.01
1595394739, 0, 123, 1423, 1418, 194, 7.27%, 0, 0, 3, 2740.89
1595394744, 0, 123, 1449, 1444, 194, 7.29%, 0, 0, 3, 2715.45
1595394750, 0, 123, 1472, 1467, 194, 7.30%, 0, 0, 3, 2678.11
1595394755, 0, 126, 1480, 1474, 198, 7.31%, 0, 0, 3, 2664.32
1595394770, 0, 164, 1484, 1477, 197, 7.31%, 0, 0, 3, 2795.67
1595394775, 0, 164, 1485, 1478, 197, 7.31%, 0, 0, 3, 2774.99
1595394785, 0, 164, 1494, 1487, 197, 7.31%, 0, 0, 3, 2854.68
1595394790, 0, 164, 1514, 1507, 197, 7.32%, 0, 0, 3, 2826.62
1595394796, 0, 229, 1536, 1528, 202, 7.32%, 0, 0, 3, 2813.33
1595394801, 0, 229, 1537, 1529, 202, 7.32%, 0, 0, 3, 2731.25
1595394811, 0, 229, 1538, 1530, 202, 7.32%, 0, 0, 3, 2803.98
1595394816, 0, 229, 1551, 1543, 202, 7.32%, 0, 0, 3, 2802.43
1595394821, 0, 229, 1563, 1555, 202, 7.33%, 0, 0, 3, 2797.73
1595394826, 0, 253, 1569, 1560, 205, 7.33%, 0, 0, 3, 2727.64
1595394842, 0, 253, 1580, 1571, 205, 7.33%, 0, 0, 3, 2820.47
1595394847, 0, 253, 1591, 1582, 205, 7.33%, 0, 0, 3, 2818.03
1595394852, 0, 263, 1598, 1588, 205, 7.34%, 0, 0, 3, 3145.02
1595394857, 0, 301, 1598, 1587, 204, 7.34%, 0, 0, 3, 2892.53
1595394872, 0, 302, 1600, 1588, 203, 7.34%, 0, 0, 3, 2761.06
1595394878, 0, 302, 1603, 1591, 203, 7.34%, 0, 0, 3, 2714.83
1595394883, 0, 302, 1604, 1592, 203, 7.34%, 0, 0, 3, 2847.35
1595394888, 0, 315, 1604, 1591, 203, 7.34%, 0, 0, 3, 2778.08
1595394903, 0, 320, 1605, 1591, 203, 7.34%, 0, 0, 3, 2799.31
1595394918, 0, 329, 1605, 1590, 202, 7.34%, 0, 0, 3, 2940.45
1595394938, 0, 359, 1605, 1588, 200, 7.34%, 0, 0, 3, 3288.28
1595394944, 0, 363, 1607, 1588, 199, 7.34%, 0, 0, 3, 3564.69
1595394949, 0, 376, 1608, 1587, 197, 7.34%, 0, 0, 3, 3484.24
1595394954, 0, 379, 1609, 1587, 197, 7.34%, 0, 0, 3, 3322.82
1595394959, 0, 397, 1614, 1590, 198, 7.38%, 0, 0, 3, 586.09
1595394964, 0, 397, 1615, 1591, 198, 7.39%, 0, 0, 3, 593.72
1595395000, 0, 397, 1616, 1592, 198, 7.39%, 0, 0, 3, 642.61
1595395005, 0, 397, 1617, 1593, 198, 7.39%, 0, 0, 3, 617.59
1595395015, 0, 397, 1618, 1594, 198, 7.39%, 0, 0, 3, 691.59
1595395020, 0, 397, 1621, 1597, 198, 7.39%, 0, 0, 3, 652.90
1595395025, 0, 397, 1622, 1598, 198, 7.39%, 0, 0, 3, 606.68
1595395030, 0, 397, 1628, 1604, 198, 7.39%, 0, 0, 3, 691.06
1595395036, 0, 397, 1641, 1617, 198, 7.40%, 0, 0, 3, 962.96
1595395041, 0, 397, 1644, 1620, 198, 7.40%, 0, 0, 3, 1008.20
1595395046, 0, 397, 1648, 1624, 198, 7.40%, 0, 0, 3, 1022.30
1595395051, 0, 397, 1653, 1629, 198, 7.40%, 0, 0, 3, 1027.03
1595395056, 0, 397, 1656, 1632, 198, 7.40%, 0, 0, 3, 1056.55
1595395061, 0, 397, 1657, 1633, 198, 7.40%, 0, 0, 3, 1046.87
1595395066, 0, 432, 1659, 1634, 204, 7.40%, 0, 0, 3, 2244.24
1595395081, 0, 479, 1661, 1634, 203, 7.40%, 0, 0, 3, 2688.08
1595395097, 0, 479, 1665, 1638, 203, 7.40%, 0, 0, 3, 2576.30
1595395102, 0, 479, 1668, 1641, 203, 7.40%, 0, 0, 3, 2668.57
1595395107, 0, 483, 1671, 1643, 204, 7.40%, 0, 0, 3, 2689.99
1595395117, 0, 538, 1672, 1641, 201, 7.40%, 0, 0, 3, 2810.00
1595395128, 0, 538, 1676, 1645, 201, 7.40%, 0, 0, 3, 2769.36
1595395133, 0, 538, 1679, 1648, 201, 7.40%, 0, 0, 3, 2825.48
1595395138, 0, 562, 1683, 1651, 200, 7.40%, 0, 0, 3, 2849.46
1595395153, 0, 579, 1684, 1651, 200, 7.40%, 0, 0, 3, 2983.44
1595395158, 0, 579, 1689, 1656, 200, 7.40%, 0, 0, 3, 2984.64
1595395164, 0, 579, 1693, 1660, 200, 7.40%, 0, 0, 3, 2970.52
1595395169, 0, 582, 1694, 1660, 201, 7.41%, 0, 0, 3, 2726.88
1595395184, 0, 582, 1702, 1668, 201, 7.41%, 0, 0, 3, 2604.53
1595395189, 0, 582, 1712, 1678, 201, 7.41%, 0, 0, 3, 2657.93
1595395194, 0, 601, 1716, 1681, 201, 7.41%, 0, 0, 3, 2647.39
1595395220, 0, 609, 1716, 1680, 201, 7.41%, 0, 0, 3, 2593.89
1595395230, 0, 644, 1717, 1680, 200, 7.41%, 0, 0, 3, 2861.24
1595395235, 0, 648, 1717, 1679, 199, 7.41%, 0, 0, 3, 2834.11
1595395250, 0, 679, 1717, 1678, 198, 7.41%, 0, 0, 3, 2491.45
1595395261, 0, 696, 1718, 1678, 197, 7.41%, 0, 0, 3, 2458.24
1595395276, 0, 701, 1718, 1677, 196, 7.41%, 0, 0, 3, 2726.80
1595395286, 0, 746, 1718, 1676, 195, 7.41%, 0, 0, 3, 2648.22
1595395291, 0, 746, 1719, 1677, 195, 7.41%, 0, 0, 3, 2704.77
1595395301, 0, 746, 1739, 1697, 195, 7.42%, 0, 0, 3, 2810.20
1595395307, 0, 746, 1744, 1702, 195, 7.42%, 0, 0, 3, 2842.16
1595395312, 0, 753, 1749, 1706, 196, 7.42%, 0, 0, 3, 2533.38
1595395337, 0, 764, 1749, 1705, 195, 7.42%, 0, 0, 3, 2497.51
1595395347, 0, 773, 1750, 1705, 194, 7.42%, 0, 0, 3, 2746.80
1595395358, 0, 788, 1750, 1704, 192, 7.42%, 0, 0, 3, 2443.72
1595395378, 0, 788, 1753, 1707, 192, 7.42%, 0, 0, 3, 2293.68
1595395383, 0, 788, 1759, 1713, 192, 7.42%, 0, 0, 3, 2508.28
1595395388, 0, 788, 1764, 1718, 192, 7.42%, 0, 0, 3, 2555.28
1595395393, 0, 803, 1765, 1718, 194, 7.42%, 0, 0, 3, 2378.50
1595395414, 0, 803, 1770, 1723, 194, 7.42%, 0, 0, 3, 2410.45
1595395419, 0, 803, 1776, 1729, 194, 7.43%, 0, 0, 3, 2568.84
1595395424, 0, 803, 1777, 1730, 194, 7.43%, 0, 0, 3, 2616.90
1595395429, 0, 807, 1778, 1730, 194, 7.43%, 0, 0, 3, 2696.45
1595395439, 0, 843, 1779, 1729, 192, 7.43%, 0, 0, 3, 2760.49
1595395444, 0, 843, 1780, 1730, 192, 7.43%, 0, 0, 3, 2660.16
1595395455, 0, 844, 1782, 1731, 192, 7.43%, 0, 0, 3, 2605.92
1595395480, 0, 850, 1782, 1730, 191, 7.43%, 0, 0, 3, 2708.14
1595395490, 0, 856, 1782, 1729, 190, 7.43%, 0, 0, 3, 2956.31
1595395496, 0, 862, 1783, 1729, 189, 7.43%, 0, 0, 3, 2940.80
1595395511, 0, 866, 1783, 1728, 189, 7.43%, 0, 0, 3, 2633.37
1595395521, 0, 881, 1783, 1727, 188, 7.43%, 0, 0, 3, 2586.94
